// Kinect Camera Calibration Parameters

image_width = 640;
image_height = 480;

// RGB camera parameters	
LeftSensor = 
{
	channels  = 3;
	fx		  = 529.21508098293293;
	fy		  = 525.56393630057437;
	cx	      = 328.94272028759258;
	cy	      = 267.48068171871557;
	sx		  = 4.5000001591688488e-006;
	sy		  = 4.5000001591688488e-006;
	d0		  = 0.26451622333009589;
	d1		  = -0.83990749424620825;
	d2		  = -0.00019922302173693159;
	d3		  = 0.00014371995932897616;
	d4		  = 0.91192465078713847;
}

baseline = -0.074;
