// USB Logitech Camera Calibration Parameters

image_width = 640;
image_height = 480;
baseline = 0.0;
	
LeftSensor = 
{
	channels	= 3;
	fx			= 8.1503206896076472e+02;
	fy			= 8.1360588522387991e+02;
	cx			= 3.1859458300508982e+02;
	cy			= 2.3304740419051197e+02;
	sx			= 4.5000001591688488e-006;
	sy			= 4.5000001591688488e-006;
	d0			= -6.7573837893917327e-02;
	d1			= 4.3445882455953155e-01;
	d2			= -1.3025227279125442e-03;
	d3			= -2.1696538582407863e-03;
	d4			= -9.3401124805339164e-01;
};
